-7.6034782998229541E-03
-7.5086744608308968E-03
3.9615280340750481E-03
-3.4727569722322830E-03
-2.0743005444095455E-03
7.2743701020307585E-03
2.4927904410876615E-02
9.9919261433883619E-03
-3.7327380638606522E-02
-6.0673345544835694E-02
-3.4839913980453632E-03
8.6073030203530757E-02
9.0347564965383792E-02
-2.5062239831232867E-02
-1.3398763103742356E-01
-9.3013582033217621E-02
6.5239784507972493E-02
1.5416515277781026E-01
6.5239784507972493E-02
-9.3013582033217621E-02
-1.3398763103742356E-01
-2.5062239831232867E-02
9.0347564965383792E-02
8.6073030203530757E-02
-3.4839913980453632E-03
-6.0673345544835694E-02
-3.7327380638606522E-02
9.9919261433883619E-03
2.4927904410876615E-02
7.2743701020307585E-03
-2.0743005444095455E-03
-3.4727569722322830E-03
3.9615280340750481E-03
-7.5086744608308968E-03
-7.6034782998229541E-03
