0.000000
0.000000
0.000000
0.000000
0.000000
0.000000
0.000000
0.000000
0.000000
-0.007603
-0.007509
0.003962
-0.003473
-0.002074
0.007274
0.024928
0.009992
-0.037327
-0.060673
-0.003484
0.086073
0.090348
-0.025062
-0.133988
-0.093014
0.065240
0.154165
0.065240
-0.093014
-0.133988
-0.025062
0.090348
0.086073
-0.003484
-0.060673
-0.037327
0.009992
0.024928
0.007274
-0.002074
-0.003473
0.003962
-0.007509
-0.007603
0.000000
0.000000
0.000000
0.000000
0.000000
0.000000
0.000000
0.000000
0.000000
0.000000
0.000000
0.000000
0.000000
0.000000
0.000000
0.000000
0.000000
0.000000
0.000000
0.000000
0.000000
0.000000
0.000000
0.000000
0.000000
0.000000
0.000000
0.000000
0.000000
0.000000
0.000000
0.000000
0.000000
0.000000
0.000000
0.000000
0.000000
0.000000
0.000000
0.000000
0.000000
0.000000
0.000000
0.000000
0.000000
0.000000
0.000000
0.000000
0.000000
0.000000
0.000000