-0.000001
-0.000005
0.000002
0.000005
-0.000008
0.000006
0.000013
0.000008
-0.000024
-0.000043
-0.000006
0.000029
0.000024
0.000006
-0.000015
-0.000010
-0.000021
-0.000040
-0.000010
0.000069
0.000088
-0.000012
-0.000135
-0.000108
0.000072
0.000170
0.000043
-0.000147
-0.000143
0.000064
0.000189
0.000056
-0.000162
-0.000171
0.000051
0.000223
0.000120
-0.000118
-0.000220
-0.000080
0.000131
0.000196
0.000071
-0.000103
-0.000186
-0.000106
0.000074
0.000180
0.000114
-0.000066
-0.000194
-0.000132
0.000070
0.000207
0.000129
-0.000085
-0.000213
-0.000119
0.000079
0.000185
0.000113
-0.000057
-0.000169
-0.000123
0.000023
0.000151
0.000128
-0.000005
-0.000124
-0.000109
0.000026
0.000098
0.000032
-0.000051
-0.000034
0.000078
0.000075
-0.000068
-0.000171
-0.000044
0.000167
0.000195
-0.000022
-0.000215
-0.000148
0.000079
0.000167
0.000055
-0.000090
-0.000068
0.000030
0.000051
-0.000018
-0.000053
-0.000007